    redcap  orange  black
0        0      50     44
1        1      24     24
2        2      27     29
3        4      35     33
4        5      50     51
5        6      19     19
6        7      24     23
7       10      50     47
8       12      65     64
9       15      58     57
10      17       1      1
11      19      43     44
12      21      55     58
13      22      64     64
14      23      57     58
15      27      49     45
16      28      65     65
17      29      57     59
18      30      56    105
19      31      41     39
20      34      63     62
21      36      54     54
22      37      47     37
23      38      50     49
24      42      64     64
25      43      43     43
26      44      10     10
27      45      29     29
28      46      10     10
29      47      61     63
30      48      15     14
31      50      23     23
32      52      35     37
33      53      48     45
34      54      11     11
35      55      55     54
36      56      52     53
37      58      48     48
38      59      61     61
39      61      50     53
40      62      62     61
41      64      18     15
42      66      19     18
43      67       6      5
44      68      64     64
45      70      22     27
46      73      42     41
47      77      55     52
48      78      18     18
49      79      29     29
50      80      55     55
51      81      14     18
52      82      53     55
53      83      54     56
54      85      42     45
55      86      55     56
56      87      52     51
57      88      17     16
58      89      13     11
59      90      14     15
60      91      11     14
61      92      28     28